299 299
1 217 61 1 3
1 217 62 1.41421 3
1 217 63 2.23607 5
1 217 64 3.16228 5
1 216 65 4 5
1 216 66 5 11
1 215 67 5.38516 11
2 215 68 6.32456 11
2 214 69 6.7082 17
2 214 70 7.61577 17
2 214 71 8.544 17
2 213 72 8.94427 19
2 213 73 9.84886 19
2 213 74 10.7703 22
2 212 75 11.1803 24
2 212 76 12.083 24
2 212 77 13 27
2 211 78 13.4164 29
2 211 79 14.3178 29
2 211 80 15.2315 31
2 210 81 15.6525 34
2 210 82 16.5529 34
2 210 83 17.4642 36
2 209 84 17.8885 39
2 209 85 18.7883 39
2 209 86 19.6977 41
3 208 87 20.2485 41
4 208 88 21.1896 41
4 207 89 21.8403 47
5 206 88 20.5913 5
5 206 87 19.6469 5
5 205 86 18.3576 5
5 205 85 17.4642 3
5 205 84 16.4924 3
5 204 83 15.2315 3
5 204 82 14.3178 3
5 204 81 13.3417 3
5 203 80 12.083 3
5 203 79 11.1803 3
5 203 78 10.198 3
5 202 77 8.94427 3
5 202 76 8.06226 3
5 202 75 7.07107 3
5 201 74 5.83095 3
5 201 73 5 3
5 201 72 4 3
6 207 90 22.8035 47
6 206 91 23.2594 53
6 206 92 24.1661 53
6 206 93 25.0599 55
6 205 94 25.4951 55
6 205 95 26.4008 55
6 205 96 27.2947 60
6 204 97 27.7308 60
6 204 98 28.6356 60
6 204 99 29.5296 65
6 203 100 29.9666 65
6 203 101 30.8707 65
6 203 102 31.7648 70
6 202 103 32.2025 70
6 202 104 33.1059 70
7 201 105 33.6155 70
7 202 106 34.4384 5
7 201 107 35.4683 78
7 200 108 36.0555 78
8 199 108 35.7351 5
8 198 107 34.4384 5
8 198 106 33.5261 5
8 197 105 32.2025 5
8 197 104 31.305 5
8 197 103 30.3645 5
8 196 102 29.0689 5
8 196 101 28.1603 5
8 195 100 26.8328 5
8 195 99 25.9422 5
8 195 98 25 5
8 194 97 23.7065 5
8 194 96 22.8035 5
8 193 95 21.4709 5
8 193 94 20.5913 5
8 193 93 19.6469 5
8 192 92 18.3576 5
8 192 91 17.4642 3
8 192 90 16.4924 3
8 191 89 15.2315 3
8 191 88 14.3178 3
8 191 87 13.3417 3
8 190 86 12.083 3
8 190 85 11.1803 3
8 190 84 10.198 3
8 189 83 8.94427 3
8 189 82 8.06226 3
8 189 81 7.07107 3
8 188 80 5.83095 3
8 188 79 5 3
8 188 78 4 3
9 200 109 37 78
9 199 110 37.5766 84
9 199 111 38.4708 86
9 199 112 39.3573 86
9 198 113 39.8121 86
9 198 114 40.7063 89
9 198 115 41.5933 89
9 197 116 42.0476 91
9 197 117 42.9418 93
9 197 118 43.8292 93
9 196 119 44.2832 96
9 196 120 45.1774 98
9 196 121 46.0652 98
9 195 122 46.5188 101
9 195 123 47.4131 103
9 195 124 48.3011 103
9 194 125 48.7545 105
9 194 126 49.6588 105
10 194 127 50.5371 8
10 193 128 51.0784 114
10 193 129 52 114
10 192 130 52.5547 114
10 192 131 53.4883 114
10 191 132 54.0833 114
11 190 131 52.7731 8
11 190 130 51.8652 8
11 189 129 50.5371 8
11 189 128 49.6488 8
11 189 127 48.7032 8
11 188 126 47.4131 8
11 188 125 46.4866 8
11 187 124 45.1774 8
11 187 123 44.2719 8
11 186 122 42.9418 8
11 186 121 42.0476 5
11 186 120 41.1096 5
11 185 119 39.8121 5
11 185 118 38.8973 5
11 184 117 37.5766 5
11 184 116 36.6742 5
11 184 115 35.7351 5
11 183 114 34.4384 5
11 183 113 33.5261 5
11 182 112 32.2025 5
11 182 111 31.305 5
11 182 110 30.3645 5
11 181 109 29.0689 5
11 181 108 28.1603 5
11 180 107 26.8328 5
11 180 106 25.9422 5
11 180 105 25 5
11 179 104 23.7065 5
11 179 103 22.8035 5
11 178 102 21.4709 5
11 178 101 20.5913 5
11 178 100 19.6469 5
11 177 99 18.3576 5
11 177 98 17.4642 3
11 177 97 16.4924 3
11 176 96 15.2315 3
11 176 95 14.3178 3
11 176 94 13.3417 3
11 175 93 12.083 3
11 175 92 11.1803 3
11 175 91 10.198 3
11 174 90 8.94427 3
11 174 89 8.06226 3
11 174 88 7.07107 3
11 173 87 5.83095 3
11 173 86 5 3
11 173 85 4 3
12 191 133 55.0091 122
12 191 134 55.9017 122
12 190 135 56.356 124
12 190 136 57.2451 124
12 190 137 58.1378 124
12 189 138 58.5918 127
12 189 139 59.4811 129
12 189 140 60.3738 129
12 188 141 60.8276 132
12 188 142 61.7171 134
12 188 143 62.6099 134
13 188 144 63.0635 133
13 187 145 62.6099 8
14 186 145 62.9682 8
14 185 145 63.0714 27
14 184 145 62.6498 27
14 183 146 63.1585 27
14 182 146 62.7694 27
14 181 146 62.3939 27
14 180 147 62.9682 27
15 179 146 61.6847 8
15 178 145 60.3738 8
15 178 144 59.4643 8
15 177 143 58.1378 8
15 177 142 57.2451 8
15 177 141 56.3028 8
15 176 140 55.0091 8
15 176 139 54.0833 8
15 175 138 52.7731 8
15 175 137 51.8652 8
15 174 136 50.5371 8
15 174 135 49.6488 8
15 174 134 48.7032 8
15 173 133 47.4131 8
15 173 132 46.4866 8
15 172 131 45.1774 8
15 172 130 44.2719 8
15 171 129 42.9418 8
15 171 128 42.0476 5
15 171 127 41.1096 5
15 170 126 39.8121 5
15 170 125 38.8973 5
15 169 124 37.5766 5
15 169 123 36.6742 5
15 169 122 35.7351 5
15 168 121 34.4384 5
15 168 120 33.5261 5
15 167 119 32.2025 5
15 167 118 31.305 5
15 167 117 30.3645 5
15 166 116 29.0689 5
15 166 115 28.1603 5
15 165 114 26.8328 5
15 165 113 25.9422 5
15 165 112 25 5
15 164 111 23.7065 5
15 164 110 22.8035 5
15 163 109 21.4709 5
15 163 108 20.5913 5
15 163 107 19.6469 5
15 162 106 18.3576 5
15 162 105 17.4642 3
15 162 104 16.4924 3
15 161 103 15.2315 3
15 161 102 14.3178 3
15 161 101 13.3417 3
15 160 100 12.083 3
15 160 99 11.1803 3
15 160 98 10.198 3
15 159 97 8.94427 3
15 159 96 8.06226 3
15 159 95 7.07107 3
15 158 94 5.83095 3
15 158 93 5 3
15 158 92 4 3
16 179 147 62.6099 36
16 178 148 63.0635 38
16 177 148 62.6099 41
16 176 149 63.0635 43
16 175 149 62.6099 45
16 174 150 63.0635 48
16 173 150 62.6099 50
16 172 151 63.0635 53
16 171 152 62.9682 8
17 170 152 63.0714 63
17 169 152 62.6498 63
17 168 153 63.1585 63
17 167 153 62.7694 63
17 166 153 62.3939 63
17 165 154 62.9682 63
18 164 153 61.6847 8
18 163 152 60.3738 8
18 163 151 59.4643 8
18 162 150 58.1378 8
18 162 149 57.2451 8
18 162 148 56.3028 8
18 161 147 55.0091 8
18 161 146 54.0833 8
18 160 145 52.7731 8
18 160 144 51.8652 8
18 159 143 50.5371 8
18 159 142 49.6488 8
18 159 141 48.7032 8
18 158 140 47.4131 8
18 158 139 46.4866 8
18 157 138 45.1774 8
18 157 137 44.2719 8
18 156 136 42.9418 8
18 156 135 42.0476 5
18 156 134 41.1096 5
18 155 133 39.8121 5
18 155 132 38.8973 5
18 154 131 37.5766 5
18 154 130 36.6742 5
18 154 129 35.7351 5
18 153 128 34.4384 5
18 153 127 33.5261 5
18 152 126 32.2025 5
18 152 125 31.305 5
18 152 124 30.3645 5
18 151 123 29.0689 5
18 151 122 28.1603 5
18 150 121 26.8328 5
18 150 120 25.9422 5
18 150 119 25 5
18 149 118 23.7065 5
18 149 117 22.8035 5
18 148 116 21.4709 5
18 148 115 20.5913 5
18 148 114 19.6469 5
18 147 113 18.3576 5
18 147 112 17.4642 3
18 147 111 16.4924 3
18 146 110 15.2315 3
18 146 109 14.3178 3
18 146 108 13.3417 3
18 145 107 12.083 3
18 145 106 11.1803 3
18 145 105 10.198 3
18 144 104 8.94427 3
18 144 103 8.06226 3
18 144 102 7.07107 3
18 143 101 5.83095 3
18 143 100 5 3
18 143 99 4 3
19 164 154 62.6099 72
19 163 155 63.0635 74
19 162 155 62.6099 76
19 161 156 63.0635 79
19 160 156 62.6099 81
19 159 157 63.0635 84
19 158 157 62.6099 86
19 157 158 63.0635 88
19 156 159 62.9682 8
20 155 159 63.0714 99
20 154 159 62.6498 99
20 153 160 63.1585 99
20 152 160 62.7694 99
20 151 160 62.3939 99
20 150 161 62.9682 99
21 149 160 61.6847 8
21 148 159 60.3738 8
21 148 158 59.4643 8
21 147 157 58.1378 8
21 147 156 57.2451 8
21 147 155 56.3028 8
21 146 154 55.0091 8
21 146 153 54.0833 8
21 145 152 52.7731 8
21 145 151 51.8652 8
21 144 150 50.5371 8
21 144 149 49.6488 8
21 144 148 48.7032 8
21 143 147 47.4131 8
21 143 146 46.4866 8
21 142 145 45.1774 8
21 142 144 44.2719 8
21 141 143 42.9418 8
21 141 142 42.0476 5
21 141 141 41.1096 5
21 140 140 39.8121 5
21 140 139 38.8973 5
21 139 138 37.5766 5
21 139 137 36.6742 5
21 139 136 35.7351 5
21 138 135 34.4384 5
21 138 134 33.5261 5
21 137 133 32.2025 5
21 137 132 31.305 5
21 137 131 30.3645 5
21 136 130 29.0689 5
21 136 129 28.1603 5
21 135 128 26.8328 5
21 135 127 25.9422 5
21 135 126 25 5
21 134 125 23.7065 5
21 134 124 22.8035 5
21 133 123 21.4709 5
21 133 122 20.5913 5
21 133 121 19.6469 5
21 132 120 18.3576 5
21 132 119 17.4642 3
21 132 118 16.4924 3
21 131 117 15.2315 3
21 131 116 14.3178 3
21 131 115 13.3417 3
21 130 114 12.083 3
21 130 113 11.1803 3
21 130 112 10.198 3
21 129 111 8.94427 3
21 129 110 8.06226 3
21 129 109 7.07107 3
21 128 108 5.83095 3
21 128 107 5 3
21 128 106 4 3
22 149 161 62.6099 99
22 148 162 63.0635 97
22 147 162 62.6099 95
22 146 163 63.0635 92
22 145 163 62.6099 90
22 144 164 63.0635 87
22 143 164 62.6099 85
22 142 165 63.0635 83
22 141 166 62.9682 8
23 140 166 63.0714 72
23 139 166 62.6498 72
23 138 167 63.1585 72
23 137 167 62.7694 72
23 136 167 62.3939 72
23 135 168 62.9682 72
24 134 167 61.6847 8
24 133 166 60.3738 8
24 133 165 59.4643 8
24 132 164 58.1378 8
24 132 163 57.2451 8
24 132 162 56.3028 8
24 131 161 55.0091 8
24 131 160 54.0833 8
24 130 159 52.7731 8
24 130 158 51.8652 8
24 129 157 50.5371 8
24 129 156 49.6488 8
24 129 155 48.7032 8
24 128 154 47.4131 8
24 128 153 46.4866 8
24 127 152 45.1774 8
24 127 151 44.2719 8
24 126 150 42.9418 8
24 126 149 42.0476 5
24 126 148 41.1096 5
24 125 147 39.8121 5
24 125 146 38.8973 5
24 124 145 37.5766 5
24 124 144 36.6742 5
24 124 143 35.7351 5
24 123 142 34.4384 5
24 123 141 33.5261 5
24 122 140 32.2025 5
24 122 139 31.305 5
24 122 138 30.3645 5
24 121 137 29.0689 5
24 121 136 28.1603 5
24 120 135 26.8328 5
24 120 134 25.9422 5
24 120 133 25 5
24 119 132 23.7065 5
24 119 131 22.8035 5
24 118 130 21.4709 5
24 118 129 20.5913 5
24 118 128 19.6469 5
24 117 127 18.3576 5
24 117 126 17.4642 3
24 117 125 16.4924 3
24 116 124 15.2315 3
24 116 123 14.3178 3
24 116 122 13.3417 3
24 115 121 12.083 3
24 115 120 11.1803 3
24 115 119 10.198 3
24 114 118 8.94427 3
24 114 117 8.06226 3
24 114 116 7.07107 3
24 113 115 5.83095 3
24 113 114 5 3
24 113 113 4 3
25 134 168 62.6099 64
25 133 169 63.0635 61
25 132 169 62.6099 59
25 131 170 63.0635 56
25 130 170 62.6099 54
25 129 171 63.0635 52
25 128 171 62.6099 49
25 127 172 63.0635 47
25 126 173 62.9682 8
26 125 173 63.0714 36
26 124 173 62.6498 36
26 123 174 63.1585 36
26 122 174 62.7694 36
26 121 174 62.3939 36
26 120 175 62.9682 36
27 119 174 61.6847 8
27 118 173 60.3738 8
27 118 172 59.4643 8
27 117 171 58.1378 8
27 117 170 57.2451 8
27 117 169 56.3028 8
27 116 168 55.0091 8
27 116 167 54.0833 8
27 115 166 52.7731 8
27 115 165 51.8652 8
27 114 164 50.5371 8
27 114 163 49.6488 8
27 114 162 48.7032 8
27 113 161 47.4131 8
27 113 160 46.4866 8
27 112 159 45.1774 8
27 112 158 44.2719 8
27 111 157 42.9418 8
27 111 156 42.0476 5
27 111 155 41.1096 5
27 110 154 39.8121 5
27 110 153 38.8973 5
27 109 152 37.5766 5
27 109 151 36.6742 5
27 109 150 35.7351 5
27 108 149 34.4384 5
27 108 148 33.5261 5
27 107 147 32.2025 5
27 107 146 31.305 5
27 107 145 30.3645 5
27 106 144 29.0689 5
27 106 143 28.1603 5
27 105 142 26.8328 5
27 105 141 25.9422 5
27 105 140 25 5
27 104 139 23.7065 5
27 104 138 22.8035 5
27 103 137 21.4709 5
27 103 136 20.5913 5
27 103 135 19.6469 5
27 102 134 18.3576 5
27 102 133 17.4642 3
27 102 132 16.4924 3
27 101 131 15.2315 3
27 101 130 14.3178 3
27 101 129 13.3417 3
27 100 128 12.083 3
27 100 127 11.1803 3
27 100 126 10.198 3
27 99 125 8.94427 3
27 99 124 8.06226 3
27 99 123 7.07107 3
27 98 122 5.83095 3
27 98 121 5 3
27 98 120 4 3
28 119 175 62.6099 28
28 118 176 63.0635 25
28 117 176 62.6099 23
28 116 177 63.0635 21
28 115 178 63.0635 136
29 114 177 62.1691 135
29 113 177 61.6847 127
29 112 177 60.7454 8
30 111 176 59.9333 125
30 110 176 59.2368 125
30 109 175 58.1378 122
30 108 175 57.6975 122
30 107 175 56.8595 122
30 106 174 55.9464 122
30 105 174 55.4617 122
30 104 173 54.231 122
30 103 173 53.8516 122
30 102 173 53.2259 120
30 101 172 52.2015 120
30 100 172 51.8652 120
30 99 172 50.9902 118
30 98 171 50.0899 109
31 97 170 48.7545 109
32 98 169 48.3011 8
32 98 168 47.4131 8
32 98 167 46.4866 8
32 97 166 45.1774 8
32 97 165 44.2719 8
32 96 164 42.9418 8
32 96 163 42.0476 5
32 96 162 41.1096 5
32 95 161 39.8121 5
32 95 160 38.8973 5
32 94 159 37.5766 5
32 94 158 36.6742 5
32 94 157 35.7351 5
32 93 156 34.4384 5
32 93 155 33.5261 5
32 92 154 32.2025 5
32 92 153 31.305 5
32 92 152 30.3645 5
32 91 151 29.0689 5
32 91 150 28.1603 5
32 90 149 26.8328 5
32 90 148 25.9422 5
32 90 147 25 5
32 89 146 23.7065 5
32 89 145 22.8035 5
32 88 144 21.4709 5
32 88 143 20.5913 5
32 88 142 19.6469 5
32 87 141 18.3576 5
32 87 140 17.4642 3
32 87 139 16.4924 3
32 86 138 15.2315 3
32 86 137 14.3178 3
32 86 136 13.3417 3
32 85 135 12.083 3
32 85 134 11.1803 3
32 85 133 10.198 3
32 84 132 8.94427 3
32 84 131 8.06226 3
32 84 130 7.07107 3
32 83 129 5.83095 3
32 83 128 5 3
32 83 127 4 3
33 96 170 48.3011 104
33 95 170 47.8539 104
33 94 170 47.4131 104
33 93 169 46.0652 100
33 92 169 45.618 100
33 91 169 45.1774 100
33 90 169 44.2719 8
33 89 169 43.3244 8
34 88 168 42.72 89
34 87 167 41.5933 87
34 86 167 41.1461 87
34 85 167 40.3113 87
34 84 166 39.3954 87
34 83 166 38.9102 87
34 82 165 37.6962 87
34 81 165 37.3363 87
34 80 165 36.6742 84
34 79 164 35.7351 84
34 78 164 35.3412 82
34 77 163 34 74
35 78 162 33.5261 5
35 77 161 32.2025 5
35 77 160 31.305 5
35 77 159 30.3645 5
35 76 158 29.0689 5
35 76 157 28.1603 5
35 75 156 26.8328 5
35 75 155 25.9422 5
35 75 154 25 5
35 74 153 23.7065 5
35 74 152 22.8035 5
35 73 151 21.4709 5
35 73 150 20.5913 5
35 73 149 19.6469 5
35 72 148 18.3576 5
35 72 147 17.4642 3
35 72 146 16.4924 3
35 71 145 15.2315 3
35 71 144 14.3178 3
35 71 143 13.3417 3
35 70 142 12.083 3
35 70 141 11.1803 3
35 70 140 10.198 3
35 69 139 8.94427 3
35 69 138 8.06226 3
35 69 137 7.07107 3
35 68 136 5.83095 3
35 68 135 5 3
35 68 134 4 3
36 76 163 33.541 74
36 75 163 33.1059 71
36 74 162 31.7648 69
36 73 162 31.305 69
36 72 162 30.8707 66
36 71 161 29.5296 64
36 70 161 29.0689 64
36 69 161 28.6356 61
36 68 160 27.2947 59
36 67 160 26.8328 59
36 66 160 26.2488 53
37 65 159 25.0599 51
37 64 159 24.5967 51
37 63 159 23.7697 51
37 62 158 22.8473 51
37 61 158 22.3607 51
37 60 157 21.1896 51
37 59 157 20.8806 51
37 58 156 19.6469 48
37 57 155 18.3576 5
38 57 154 17.4642 3
38 57 153 16.4924 3
38 56 152 15.2315 3
38 56 151 14.3178 3
38 56 150 13.3417 3
38 55 149 12.083 3
38 55 148 11.1803 3
38 55 147 10.198 3
38 54 146 8.94427 3
38 54 145 8.06226 3
38 54 144 7.07107 3
38 53 143 5.83095 3
38 53 142 5 3
38 53 141 4 3
39 56 156 18.7883 40
39 55 155 17.4642 40
39 54 155 17 38
39 53 155 16.5529 35
39 52 154 15.2315 35
39 51 154 14.7648 33
39 50 154 14.3178 30
39 49 153 13 30
39 48 153 12.53 28
39 47 153 12.083 26
39 46 153 11.1803 3
39 45 153 10.198 3
40 44 152 9.48683 20
40 43 151 8.544 20
40 42 151 8.06226 20
40 41 150 6.7082 17
40 40 150 6.32456 15
40 39 150 5.83095 15
40 38 149 5 12
40 37 149 4.47214 9
40 36 148 3.16228 9
40 35 148 2.82843 7
40 34 148 2.23607 4
41 44 153 9.21954 3
41 43 154 8.06226 3
41 42 154 7.07107 3
41 41 154 6.08276 3
41 40 155 5 3
41 39 155 4 3
41 38 155 3 3
42 65 161 25 5
42 64 161 24.0416 5
42 63 162 22.8035 5
42 62 162 21.8403 5
42 61 162 20.8806 5
42 60 163 19.6469 5
42 59 163 18.6815 5
42 58 164 17.4642 5
42 57 164 16.4924 5
42 56 164 15.5242 3
42 55 165 14.3178 5
42 54 165 13.3417 3
42 53 165 12.3693 3
42 52 166 11.1803 3
42 51 166 10.198 3
42 50 166 9.21954 3
42 49 167 8.06226 3
42 48 167 7.07107 3
42 47 167 6.08276 3
42 46 168 5 3
42 45 168 4 3
42 44 168 3 3
43 88 169 42.3792 5
43 87 170 41.1096 8
43 86 170 40.1622 5
43 85 171 38.8973 8
43 84 171 37.9473 5
43 83 171 37 5
43 82 172 35.7351 5
43 81 172 34.7851 5
43 80 173 33.5261 5
43 79 173 32.573 5
43 78 173 31.6228 5
43 77 174 30.3645 5
43 76 174 29.4109 5
43 75 175 28.1603 5
43 74 175 27.2029 5
43 73 175 26.2488 5
43 72 176 25 5
43 71 176 24.0416 5
43 70 177 22.8035 5
43 69 177 21.8403 5
43 68 177 20.8806 5
43 67 178 19.6469 5
43 66 178 18.6815 5
43 65 179 17.4642 5
43 64 179 16.4924 5
43 63 179 15.5242 3
43 62 180 14.3178 5
43 61 180 13.3417 3
43 60 180 12.3693 3
43 59 181 11.1803 3
43 58 181 10.198 3
43 57 181 9.21954 3
43 56 182 8.06226 3
43 55 182 7.07107 3
43 54 182 6.08276 3
43 53 183 5 3
43 52 183 4 3
43 51 183 3 3
44 99 170 49.6488 8
45 111 178 59.4643 8
45 110 178 58.5235 8
45 109 179 57.2451 8
45 108 179 56.3028 8
45 107 179 55.3624 8
45 106 180 54.0833 8
45 105 180 53.1413 8
45 104 181 51.8652 8
45 103 181 50.9215 8
45 102 182 49.6488 8
45 101 182 48.7032 8
45 100 182 47.7598 8
45 99 183 46.4866 8
45 98 183 45.5412 8
45 97 184 44.2719 8
45 96 184 43.3244 8
45 95 184 42.3792 5
45 94 185 41.1096 8
45 93 185 40.1622 5
45 92 186 38.8973 8
45 91 186 37.9473 5
45 90 186 37 5
45 89 187 35.7351 5
45 88 187 34.7851 5
45 87 188 33.5261 5
45 86 188 32.573 5
45 85 188 31.6228 5
45 84 189 30.3645 5
45 83 189 29.4109 5
45 82 190 28.1603 5
45 81 190 27.2029 5
45 80 190 26.2488 5
45 79 191 25 5
45 78 191 24.0416 5
45 77 192 22.8035 5
45 76 192 21.8403 5
45 75 192 20.8806 5
45 74 193 19.6469 5
45 73 193 18.6815 5
45 72 194 17.4642 5
45 71 194 16.4924 5
45 70 194 15.5242 3
45 69 195 14.3178 5
45 68 195 13.3417 3
45 67 195 12.3693 3
45 66 196 11.1803 3
45 65 196 10.198 3
45 64 196 9.21954 3
45 63 197 8.06226 3
45 62 197 7.07107 3
45 61 197 6.08276 3
45 60 198 5 3
45 59 198 4 3
45 58 198 3 3
46 114 179 61.7171 133
46 114 180 61.2699 133
46 114 181 60.8276 131
46 113 182 59.4811 129
46 113 183 59.0339 129
46 113 184 58.5235 8
47 112 185 57.2451 118
47 112 186 56.7979 118
47 111 187 55.4617 118
47 111 188 55.0091 116
47 111 189 54.5619 116
47 110 190 53.2259 116
47 110 191 52.8015 116
47 109 192 51.4781 116
47 109 193 51.0784 116
47 109 194 50.6952 116
47 108 195 49.3964 113
47 108 196 49.0408 113
47 108 197 48.7032 113
47 107 198 47.4131 102
48 106 198 46.4866 8
48 105 198 45.5412 8
48 104 199 44.2719 8
48 103 199 43.3244 8
48 102 199 42.3792 5
48 101 200 41.1096 8
48 100 200 40.1622 5
48 99 201 38.8973 8
48 98 201 37.9473 5
48 97 201 37 5
48 96 202 35.7351 5
48 95 202 34.7851 5
48 94 203 33.5261 5
48 93 203 32.573 5
48 92 203 31.6228 5
48 91 204 30.3645 5
48 90 204 29.4109 5
48 89 205 28.1603 5
48 88 205 27.2029 5
48 87 205 26.2488 5
48 86 206 25 5
48 85 206 24.0416 5
48 84 207 22.8035 5
48 83 207 21.8403 5
48 82 207 20.8806 5
48 81 208 19.6469 5
48 80 208 18.6815 5
48 79 209 17.4642 5
48 78 209 16.4924 5
48 77 209 15.5242 3
48 76 210 14.3178 5
48 75 210 13.3417 3
48 74 210 12.3693 3
48 73 211 11.1803 3
48 72 211 10.198 3
48 71 211 9.21954 3
48 70 212 8.06226 3
48 69 212 7.07107 3
48 68 212 6.08276 3
48 67 213 5 3
48 66 213 4 3
48 65 213 3 3
49 107 199 46.9574 102
49 107 200 46.5188 102
49 106 201 45.1774 98
49 106 202 44.7214 98
49 106 203 44.2832 98
49 105 204 42.9418 93
49 105 205 42.4853 93
49 105 206 42.0476 93
49 105 207 41.1096 8
50 104 208 40.2492 82
50 103 209 38.9102 82
50 103 210 38.4708 80
50 103 211 38.0132 80
50 102 212 36.6742 80
50 102 213 36.2491 80
50 101 214 34.9285 80
50 101 215 34.5398 80
50 101 216 34.176 80
50 100 217 32.8938 77
50 99 218 31.6228 5
51 98 219 30.3645 5
52 97 219 29.4109 5
52 96 220 28.1603 5
52 95 220 27.2029 5
52 94 220 26.2488 5
52 93 221 25 5
52 92 221 24.0416 5
52 91 222 22.8035 5
52 90 222 21.8403 5
52 89 222 20.8806 5
52 88 223 19.6469 5
52 87 223 18.6815 5
52 86 224 17.4642 5
52 85 224 16.4924 5
52 84 224 15.5242 3
52 83 225 14.3178 5
52 82 225 13.3417 3
52 81 225 12.3693 3
52 80 226 11.1803 3
52 79 226 10.198 3
52 78 226 9.21954 3
52 77 227 8.06226 3
52 76 227 7.07107 3
52 75 227 6.08276 3
52 74 228 5 3
52 73 228 4 3
52 72 228 3 3
53 99 220 30.8707 69
53 99 221 30.4138 67
53 99 222 29.9666 67
53 98 223 28.6356 64
53 98 224 28.178 62
53 98 225 27.7308 62
53 97 226 26.4008 59
53 97 227 25.9422 57
53 97 228 25.4951 57
53 96 229 24.1661 55
53 96 230 23.7065 52
54 95 231 22.3607 46
54 95 232 21.9317 46
54 95 233 21.4709 44
54 94 234 20.1246 44
54 94 235 19.6977 44
54 93 236 18.3848 44
54 93 237 18.0278 44
54 93 238 17.72 42
54 92 239 16.4924 42
55 91 239 15.5242 3
55 90 240 14.3178 5
55 89 240 13.3417 3
55 88 240 12.3693 3
55 87 241 11.1803 3
55 86 241 10.198 3
55 85 241 9.21954 3
55 84 242 8.06226 3
55 83 242 7.07107 3
55 82 242 6.08276 3
55 81 243 5 3
55 80 243 4 3
55 79 243 3 3
56 92 240 16.1245 36
56 92 241 15.6525 33
56 91 242 14.3178 33
56 91 243 13.8924 31
56 91 244 13.4164 28
56 90 245 12.083 28
56 90 246 11.6619 26
56 90 247 11.1803 24
56 89 248 9.84886 24
56 89 249 9.43398 21
56 89 250 8.94427 19
56 88 251 7.61577 19
56 88 252 7.2111 16
56 88 253 6.7082 14
56 88 254 5.83095 3
56 87 255 5 8
57 86 256 3.60555 8
57 86 257 3.16228 8
57 85 258 2 8
57 85 259 2 5
58 88 256 4 3
58 88 257 3 3
59 97 231 22.8035 5
59 97 232 21.8403 5
59 98 233 20.5913 5
59 98 234 19.6469 5
59 99 235 18.3576 5
59 99 236 17.4642 5
59 99 237 16.4924 5
59 100 238 15.2315 3
59 100 239 14.3178 5
59 100 240 13.3417 3
59 101 241 12.083 3
59 101 242 11.1803 3
59 101 243 10.198 3
59 102 244 8.94427 3
59 102 245 8.06226 3
59 102 246 7.07107 3
59 103 247 5.83095 3
59 103 248 5 3
59 103 249 4 3
59 103 250 3 3
60 100 219 32.2025 72
61 106 208 39.8121 5
61 106 209 38.8973 8
61 106 210 37.9473 5
61 107 211 36.6742 5
61 107 212 35.7351 5
61 108 213 34.4384 5
61 108 214 33.5261 5
61 108 215 32.573 5
61 109 216 31.305 5
61 109 217 30.3645 5
61 110 218 29.0689 5
61 110 219 28.1603 5
61 110 220 27.2029 5
61 111 221 25.9422 5
61 111 222 25 5
61 112 223 23.7065 5
61 112 224 22.8035 5
61 112 225 21.8403 5
61 113 226 20.5913 5
61 113 227 19.6469 5
61 114 228 18.3576 5
61 114 229 17.4642 5
61 114 230 16.4924 5
61 115 231 15.2315 3
61 115 232 14.3178 5
61 115 233 13.3417 3
61 116 234 12.083 3
61 116 235 11.1803 3
61 116 236 10.198 3
61 117 237 8.94427 3
61 117 238 8.06226 3
61 117 239 7.07107 3
61 118 240 5.83095 3
61 118 241 5 3
61 118 242 4 3
61 118 243 3 3
62 114 185 57.2451 8
62 114 186 56.3028 8
62 115 187 55.0091 8
62 115 188 54.0833 8
62 116 189 52.7731 8
62 116 190 51.8652 8
62 117 191 50.5371 8
62 117 192 49.6488 8
62 117 193 48.7032 8
62 118 194 47.4131 8
62 118 195 46.4866 8
62 119 196 45.1774 8
62 119 197 44.2719 8
62 119 198 43.3244 8
62 120 199 42.0476 5
62 120 200 41.1096 8
62 121 201 39.8121 5
62 121 202 38.8973 8
62 121 203 37.9473 5
62 122 204 36.6742 5
62 122 205 35.7351 5
62 123 206 34.4384 5
62 123 207 33.5261 5
62 123 208 32.573 5
62 124 209 31.305 5
62 124 210 30.3645 5
62 125 211 29.0689 5
62 125 212 28.1603 5
62 125 213 27.2029 5
62 126 214 25.9422 5
62 126 215 25 5
62 127 216 23.7065 5
62 127 217 22.8035 5
62 127 218 21.8403 5
62 128 219 20.5913 5
62 128 220 19.6469 5
62 129 221 18.3576 5
62 129 222 17.4642 5
62 129 223 16.4924 5
62 130 224 15.2315 3
62 130 225 14.3178 5
62 130 226 13.3417 3
62 131 227 12.083 3
62 131 228 11.1803 3
62 131 229 10.198 3
62 132 230 8.94427 3
62 132 231 8.06226 3
62 132 232 7.07107 3
62 133 233 5.83095 3
62 133 234 5 3
62 133 235 4 3
62 133 236 3 3
63 127 174 61.6847 8
63 128 175 60.3738 8
63 128 176 59.4643 8
63 129 177 58.1378 8
63 129 178 57.2451 8
63 129 179 56.3028 8
63 130 180 55.0091 8
63 130 181 54.0833 8
63 131 182 52.7731 8
63 131 183 51.8652 8
63 132 184 50.5371 8
63 132 185 49.6488 8
63 132 186 48.7032 8
63 133 187 47.4131 8
63 133 188 46.4866 8
63 134 189 45.1774 8
63 134 190 44.2719 8
63 134 191 43.3244 8
63 135 192 42.0476 5
63 135 193 41.1096 8
63 136 194 39.8121 5
63 136 195 38.8973 8
63 136 196 37.9473 5
63 137 197 36.6742 5
63 137 198 35.7351 5
63 138 199 34.4384 5
63 138 200 33.5261 5
63 138 201 32.573 5
63 139 202 31.305 5
63 139 203 30.3645 5
63 140 204 29.0689 5
63 140 205 28.1603 5
63 140 206 27.2029 5
63 141 207 25.9422 5
63 141 208 25 5
63 142 209 23.7065 5
63 142 210 22.8035 5
63 142 211 21.8403 5
63 143 212 20.5913 5
63 143 213 19.6469 5
63 144 214 18.3576 5
63 144 215 17.4642 5
63 144 216 16.4924 5
63 145 217 15.2315 3
63 145 218 14.3178 5
63 145 219 13.3417 3
63 146 220 12.083 3
63 146 221 11.1803 3
63 146 222 10.198 3
63 147 223 8.94427 3
63 147 224 8.06226 3
63 147 225 7.07107 3
63 148 226 5.83095 3
63 148 227 5 3
63 148 228 4 3
63 148 229 3 3
64 142 167 61.6847 8
64 143 168 60.3738 8
64 143 169 59.4643 8
64 144 170 58.1378 8
64 144 171 57.2451 8
64 144 172 56.3028 8
64 145 173 55.0091 8
64 145 174 54.0833 8
64 146 175 52.7731 8
64 146 176 51.8652 8
64 147 177 50.5371 8
64 147 178 49.6488 8
64 147 179 48.7032 8
64 148 180 47.4131 8
64 148 181 46.4866 8
64 149 182 45.1774 8
64 149 183 44.2719 8
64 149 184 43.3244 8
64 150 185 42.0476 5
64 150 186 41.1096 8
64 151 187 39.8121 5
64 151 188 38.8973 8
64 151 189 37.9473 5
64 152 190 36.6742 5
64 152 191 35.7351 5
64 153 192 34.4384 5
64 153 193 33.5261 5
64 153 194 32.573 5
64 154 195 31.305 5
64 154 196 30.3645 5
64 155 197 29.0689 5
64 155 198 28.1603 5
64 155 199 27.2029 5
64 156 200 25.9422 5
64 156 201 25 5
64 157 202 23.7065 5
64 157 203 22.8035 5
64 157 204 21.8403 5
64 158 205 20.5913 5
64 158 206 19.6469 5
64 159 207 18.3576 5
64 159 208 17.4642 5
64 159 209 16.4924 5
64 160 210 15.2315 3
64 160 211 14.3178 5
64 160 212 13.3417 3
64 161 213 12.083 3
64 161 214 11.1803 3
64 161 215 10.198 3
64 162 216 8.94427 3
64 162 217 8.06226 3
64 162 218 7.07107 3
64 163 219 5.83095 3
64 163 220 5 3
64 163 221 4 3
64 163 222 3 3
65 157 160 61.6847 8
65 158 161 60.3738 8
65 158 162 59.4643 8
65 159 163 58.1378 8
65 159 164 57.2451 8
65 159 165 56.3028 8
65 160 166 55.0091 8
65 160 167 54.0833 8
65 161 168 52.7731 8
65 161 169 51.8652 8
65 162 170 50.5371 8
65 162 171 49.6488 8
65 162 172 48.7032 8
65 163 173 47.4131 8
65 163 174 46.4866 8
65 164 175 45.1774 8
65 164 176 44.2719 8
65 164 177 43.3244 8
65 165 178 42.0476 5
65 165 179 41.1096 8
65 166 180 39.8121 5
65 166 181 38.8973 8
65 166 182 37.9473 5
65 167 183 36.6742 5
65 167 184 35.7351 5
65 168 185 34.4384 5
65 168 186 33.5261 5
65 168 187 32.573 5
65 169 188 31.305 5
65 169 189 30.3645 5
65 170 190 29.0689 5
65 170 191 28.1603 5
65 170 192 27.2029 5
65 171 193 25.9422 5
65 171 194 25 5
65 172 195 23.7065 5
65 172 196 22.8035 5
65 172 197 21.8403 5
65 173 198 20.5913 5
65 173 199 19.6469 5
65 174 200 18.3576 5
65 174 201 17.4642 5
65 174 202 16.4924 5
65 175 203 15.2315 3
65 175 204 14.3178 5
65 175 205 13.3417 3
65 176 206 12.083 3
65 176 207 11.1803 3
65 176 208 10.198 3
65 177 209 8.94427 3
65 177 210 8.06226 3
65 177 211 7.07107 3
65 178 212 5.83095 3
65 178 213 5 3
65 178 214 4 3
65 178 215 3 3
66 172 153 61.6847 8
66 173 154 60.3738 8
66 173 155 59.4643 8
66 174 156 58.1378 8
66 174 157 57.2451 8
66 174 158 56.3028 8
66 175 159 55.0091 8
66 175 160 54.0833 8
66 176 161 52.7731 8
66 176 162 51.8652 8
66 177 163 50.5371 8
66 177 164 49.6488 8
66 177 165 48.7032 8
66 178 166 47.4131 8
66 178 167 46.4866 8
66 179 168 45.1774 8
66 179 169 44.2719 8
66 179 170 43.3244 8
66 180 171 42.0476 5
66 180 172 41.1096 8
66 181 173 39.8121 5
66 181 174 38.8973 8
66 181 175 37.9473 5
66 182 176 36.6742 5
66 182 177 35.7351 5
66 183 178 34.4384 5
66 183 179 33.5261 5
66 183 180 32.573 5
66 184 181 31.305 5
66 184 182 30.3645 5
66 185 183 29.0689 5
66 185 184 28.1603 5
66 185 185 27.2029 5
66 186 186 25.9422 5
66 186 187 25 5
66 187 188 23.7065 5
66 187 189 22.8035 5
66 187 190 21.8403 5
66 188 191 20.5913 5
66 188 192 19.6469 5
66 189 193 18.3576 5
66 189 194 17.4642 5
66 189 195 16.4924 5
66 190 196 15.2315 3
66 190 197 14.3178 5
66 190 198 13.3417 3
66 191 199 12.083 3
66 191 200 11.1803 3
66 191 201 10.198 3
66 192 202 8.94427 3
66 192 203 8.06226 3
66 192 204 7.07107 3
66 193 205 5.83095 3
66 193 206 5 3
66 193 207 4 3
66 193 208 3 3
67 187 146 61.6847 8
67 188 147 60.3738 8
67 188 148 59.4643 8
67 189 149 58.1378 8
67 189 150 57.2451 8
67 189 151 56.3028 8
67 190 152 55.0091 8
67 190 153 54.0833 8
67 191 154 52.7731 8
67 191 155 51.8652 8
67 192 156 50.5371 8
67 192 157 49.6488 8
67 192 158 48.7032 8
67 193 159 47.4131 8
67 193 160 46.4866 8
67 194 161 45.1774 8
67 194 162 44.2719 8
67 194 163 43.3244 8
67 195 164 42.0476 5
67 195 165 41.1096 8
67 196 166 39.8121 5
67 196 167 38.8973 8
67 196 168 37.9473 5
67 197 169 36.6742 5
67 197 170 35.7351 5
67 198 171 34.4384 5
67 198 172 33.5261 5
67 198 173 32.573 5
67 199 174 31.305 5
67 199 175 30.3645 5
67 200 176 29.0689 5
67 200 177 28.1603 5
67 200 178 27.2029 5
67 201 179 25.9422 5
67 201 180 25 5
67 202 181 23.7065 5
67 202 182 22.8035 5
67 202 183 21.8403 5
67 203 184 20.5913 5
67 203 185 19.6469 5
67 204 186 18.3576 5
67 204 187 17.4642 5
67 204 188 16.4924 5
67 205 189 15.2315 3
67 205 190 14.3178 5
67 205 191 13.3417 3
67 206 192 12.083 3
67 206 193 11.1803 3
67 206 194 10.198 3
67 207 195 8.94427 3
67 207 196 8.06226 3
67 207 197 7.07107 3
67 208 198 5.83095 3
67 208 199 5 3
67 208 200 4 3
67 208 201 3 3
68 189 144 62.1691 133
68 190 144 61.2699 133
68 191 145 60.8276 129
68 192 145 59.9333 129
68 193 146 59.0339 120
68 194 146 58.5235 120
68 195 145 57.2451 8
69 196 144 55.9017 8
69 197 144 55.0091 8
69 198 143 53.6656 8
69 199 143 52.7731 8
69 200 142 51.4296 8
69 201 142 50.5371 8
69 202 142 49.6488 8
69 203 141 48.3011 8
69 204 141 47.4131 8
69 205 140 46.0652 8
69 206 140 45.1774 8
69 207 139 43.8292 8
69 208 139 42.9418 8
69 209 139 42.0476 5
69 210 138 40.7063 8
69 211 138 39.8121 5
69 212 137 38.4708 8
69 213 137 37.5766 5
69 214 137 36.6742 5
69 215 136 35.3412 5
69 216 136 34.4384 5
69 217 135 33.1059 5
69 218 135 32.2025 5
69 219 135 31.305 5
69 220 134 29.9666 5
69 221 134 29.0689 5
69 222 133 27.7308 5
69 223 133 26.8328 5
69 224 133 25.9422 5
69 225 132 24.5967 5
69 226 132 23.7065 5
69 227 131 22.3607 5
69 228 131 21.4709 5
69 229 131 20.5913 5
69 230 130 19.2354 5
69 231 130 18.3576 5
69 232 130 17.4642 3
69 233 129 16.1245 5
69 234 129 15.2315 3
69 235 129 14.3178 3
69 236 128 13 3
69 237 128 12.083 3
69 238 128 11.1803 3
69 239 127 9.84886 3
69 240 127 8.94427 3
69 241 127 8.06226 3
69 242 126 6.7082 3
69 243 126 5.83095 3
69 244 126 5 3
69 245 125 3.60555 3
69 246 125 2.82843 3
70 196 146 56.648 118
70 197 147 56.0803 118
70 198 147 55.1543 116
70 199 148 54.5619 116
70 200 148 53.7122 116
70 201 149 52.8015 116
70 202 149 52.3259 116
70 203 149 51.4296 116
70 204 150 50.6952 113
70 205 150 50.0899 113
70 206 150 49.1935 113
70 207 151 48.7032 111
70 208 152 47.4131 8
71 209 151 46.9574 102
71 210 152 46.5188 100
71 211 152 45.618 98
71 212 152 44.7214 98
71 213 153 44.2832 95
71 214 153 43.382 93
71 215 153 42.4853 93
71 216 154 42.0476 85
71 217 154 41.1096 82
72 218 153 39.8121 5
72 219 152 38.4708 8
72 220 152 37.5766 5
72 221 152 36.6742 5
72 222 151 35.3412 5
72 223 151 34.4384 5
72 224 150 33.1059 5
72 225 150 32.2025 5
72 226 150 31.305 5
72 227 149 29.9666 5
72 228 149 29.0689 5
72 229 148 27.7308 5
72 230 148 26.8328 5
72 231 148 25.9422 5
72 232 147 24.5967 5
72 233 147 23.7065 5
72 234 146 22.3607 5
72 235 146 21.4709 5
72 236 146 20.5913 5
72 237 145 19.2354 5
72 238 145 18.3576 5
72 239 145 17.4642 3
72 240 144 16.1245 5
72 241 144 15.2315 3
72 242 144 14.3178 3
72 243 143 13 3
72 244 143 12.083 3
72 245 143 11.1803 3
72 246 142 9.84886 3
72 247 142 8.94427 3
72 248 142 8.06226 3
72 249 141 6.7082 3
72 250 141 5.83095 3
72 251 141 5 3
72 252 140 3.60555 3
72 253 140 2.82843 3
73 218 155 40.2492 82
73 219 155 39.5601 82
73 220 155 38.6264 80
73 221 156 38.0132 80
73 222 156 37.1618 80
73 223 157 36.2491 80
73 224 157 35.7771 80
73 225 157 34.8855 80
73 226 158 34.176 77
73 227 158 33.541 77
73 228 159 32.573 5
73 229 160 31.305 5
74 230 159 31.305 69
74 231 159 30.4138 67
74 232 160 29.9666 64
74 233 160 29.0689 64
74 234 160 28.178 62
74 235 161 27.7308 59
74 236 161 26.8328 59
74 237 161 25.9422 57
74 238 162 25.4951 55
74 239 162 24.5967 55
74 240 162 23.7065 52
75 241 161 22.3607 5
75 242 161 21.4709 5
75 243 161 20.5913 5
75 244 160 19.2354 5
75 245 160 18.3576 5
75 246 160 17.4642 3
75 247 159 16.1245 5
75 248 159 15.2315 3
75 249 159 14.3178 3
75 250 158 13 3
75 251 158 12.083 3
75 252 158 11.1803 3
75 253 157 9.84886 3
75 254 157 8.94427 3
75 255 157 8.06226 3
75 256 156 6.7082 3
75 257 156 5.83095 3
75 258 156 5 3
75 259 155 3.60555 3
75 260 155 2.82843 3
76 241 163 23.0868 46
76 242 163 22.1359 46
76 243 164 21.4709 44
76 244 164 20.6155 44
76 245 165 19.6977 44
76 246 165 19.2354 44
76 247 165 18.3576 44
76 248 166 17.72 42
76 249 167 16.4924 5
77 250 166 16.1245 36
77 251 167 15.6525 33
77 252 167 14.7648 33
77 253 167 13.8924 31
77 254 168 13.4164 28
77 255 168 12.53 28
77 256 168 11.6619 26
77 257 169 11.1803 24
77 258 169 10.2956 24
77 259 169 9.43398 21
77 260 170 8.94427 19
77 261 170 8.06226 19
77 262 170 7.2111 16
77 263 171 6.7082 14
77 264 171 5.83095 14
77 265 171 5 12
78 266 170 3.60555 3
78 267 170 2.82843 3
79 266 172 4.12311 8
79 267 173 3.16228 8
79 268 173 2.82843 8
79 269 173 2 5
80 250 168 15.2315 3
80 250 169 14.3178 5
80 250 170 13.3417 3
80 251 171 12.083 3
80 251 172 11.1803 3
80 251 173 10.198 3
80 252 174 8.94427 3
80 252 175 8.06226 3
80 252 176 7.07107 3
80 253 177 5.83095 3
80 253 178 5 3
80 253 179 4 3
80 253 180 3 3
81 229 161 30.3645 5
81 230 162 29.0689 5
81 230 163 28.1603 5
81 230 164 27.2029 5
81 231 165 25.9422 5
81 231 166 25 5
81 232 167 23.7065 5
81 232 168 22.8035 5
81 232 169 21.8403 5
81 233 170 20.5913 5
81 233 171 19.6469 5
81 234 172 18.3576 5
81 234 173 17.4642 5
81 234 174 16.4924 5
81 235 175 15.2315 3
81 235 176 14.3178 5
81 235 177 13.3417 3
81 236 178 12.083 3
81 236 179 11.1803 3
81 236 180 10.198 3
81 237 181 8.94427 3
81 237 182 8.06226 3
81 237 183 7.07107 3
81 238 184 5.83095 3
81 238 185 5 3
81 238 186 4 3
81 238 187 3 3
82 208 153 46.4866 8
82 209 154 45.1774 8
82 209 155 44.2719 8
82 209 156 43.3244 8
82 210 157 42.0476 5
82 210 158 41.1096 8
82 211 159 39.8121 5
82 211 160 38.8973 8
82 211 161 37.9473 5
82 212 162 36.6742 5
82 212 163 35.7351 5
82 213 164 34.4384 5
82 213 165 33.5261 5
82 213 166 32.573 5
82 214 167 31.305 5
82 214 168 30.3645 5
82 215 169 29.0689 5
82 215 170 28.1603 5
82 215 171 27.2029 5
82 216 172 25.9422 5
82 216 173 25 5
82 217 174 23.7065 5
82 217 175 22.8035 5
82 217 176 21.8403 5
82 218 177 20.5913 5
82 218 178 19.6469 5
82 219 179 18.3576 5
82 219 180 17.4642 5
82 219 181 16.4924 5
82 220 182 15.2315 3
82 220 183 14.3178 5
82 220 184 13.3417 3
82 221 185 12.083 3
82 221 186 11.1803 3
82 221 187 10.198 3
82 222 188 8.94427 3
82 222 189 8.06226 3
82 222 190 7.07107 3
82 223 191 5.83095 3
82 223 192 5 3
82 223 193 4 3
82 223 194 3 3
83 195 127 49.6488 8
83 196 126 48.3011 8
83 197 126 47.4131 8
83 198 125 46.0652 8
83 199 125 45.1774 8
83 200 124 43.8292 8
83 201 124 42.9418 8
83 202 124 42.0476 5
83 203 123 40.7063 8
83 204 123 39.8121 5
83 205 122 38.4708 8
83 206 122 37.5766 5
83 207 122 36.6742 5
83 208 121 35.3412 5
83 209 121 34.4384 5
83 210 120 33.1059 5
83 211 120 32.2025 5
83 212 120 31.305 5
83 213 119 29.9666 5
83 214 119 29.0689 5
83 215 118 27.7308 5
83 216 118 26.8328 5
83 217 118 25.9422 5
83 218 117 24.5967 5
83 219 117 23.7065 5
83 220 116 22.3607 5
83 221 116 21.4709 5
83 222 116 20.5913 5
83 223 115 19.2354 5
83 224 115 18.3576 5
83 225 115 17.4642 3
83 226 114 16.1245 5
83 227 114 15.2315 3
83 228 114 14.3178 3
83 229 113 13 3
83 230 113 12.083 3
83 231 113 11.1803 3
83 232 112 9.84886 3
83 233 112 8.94427 3
83 234 112 8.06226 3
83 235 111 6.7082 3
83 236 111 5.83095 3
83 237 111 5 3
83 238 110 3.60555 3
83 239 110 2.82843 3
84 203 105 33.1059 5
84 204 105 32.2025 5
84 205 105 31.305 5
84 206 104 29.9666 5
84 207 104 29.0689 5
84 208 103 27.7308 5
84 209 103 26.8328 5
84 210 103 25.9422 5
84 211 102 24.5967 5
84 212 102 23.7065 5
84 213 101 22.3607 5
84 214 101 21.4709 5
84 215 101 20.5913 5
84 216 100 19.2354 5
84 217 100 18.3576 5
84 218 100 17.4642 3
84 219 99 16.1245 5
84 220 99 15.2315 3
84 221 99 14.3178 3
84 222 98 13 3
84 223 98 12.083 3
84 224 98 11.1803 3
84 225 97 9.84886 3
84 226 97 8.94427 3
84 227 97 8.06226 3
84 228 96 6.7082 3
84 229 96 5.83095 3
84 230 96 5 3
84 231 95 3.60555 3
84 232 95 2.82843 3
85 209 88 20.5913 5
86 210 87 19.2354 5
86 211 87 18.3576 5
86 212 87 17.4642 3
86 213 86 16.1245 5
86 214 86 15.2315 3
86 215 86 14.3178 3
86 216 85 13 3
86 217 85 12.083 3
86 218 85 11.1803 3
86 219 84 9.84886 3
86 220 84 8.94427 3
86 221 84 8.06226 3
86 222 83 6.7082 3
86 223 83 5.83095 3
86 224 83 5 3
86 225 82 3.60555 3
86 226 82 2.82843 3
87 216 68 5.83095 3
87 217 68 5 3
87 218 67 3.60555 3
87 219 67 2.82843 3
