2560 1600
53
2 1 4 590 1140 1 587 1143 1 
2 1 12 586 1144 1 578 1154 3 
2 1 15 578 1155 2 569 1169 1 
2 1 9 569 1170 1 563 1178 2 
2 1 7 562 1179 1 558 1185 2 
2 1 10 557 1186 1 551 1195 1 
0
60
2 1 16 1 3 1 6 18 5 
2 1 977 6 22 6 311 998 310 
2 1 369 312 998 310 680 999 8 
2 1 10 681 998 6 690 995 1 
2 1 421 310 999 310 180 1419 180 
2 1 178 179 1420 179 2 1597 2 
2 1 177 180 1420 179 272 1596 3 
0
77
2 1 5 273 1 1 272 5 5 
2 1 174 272 6 6 180 179 179 
2 1 178 179 179 179 2 2 2 
2 1 620 180 180 180 373 799 373 
2 1 453 374 799 372 826 799 1 
2 1 620 373 800 373 180 1419 180 
2 1 178 179 1420 179 2 1597 2 
2 1 173 180 1420 179 271 1592 7 
2 1 4 272 1594 5 274 1597 2 
2 1 24 947 1428 1 933 1451 1 
2 1 13 931 1452 1 924 1464 1 
2 1 10 922 1465 1 917 1474 1 
2 1 6 915 1475 1 913 1480 1 
2 1 7 912 1481 1 908 1487 1 
2 1 10 906 1488 1 901 1497 1 
2 1 10 899 1498 1 895 1507 1 
0
133
2 1 7 273 1 1 271 7 7 
2 1 172 270 8 8 180 179 179 
2 1 178 179 179 179 2 2 2 
2 1 620 180 180 180 373 799 373 
2 1 444 374 799 373 817 799 8 
2 1 9 819 799 7 827 799 1 
2 1 4 818 800 8 821 802 4 
2 1 620 373 800 373 180 1419 180 
2 1 178 179 1420 179 2 1597 2 
2 1 173 180 1420 179 271 1592 7 
2 1 4 272 1591 7 275 1592 4 
2 1 5 271 1593 6 274 1597 2 
2 1 4 272 8 7 275 6 4 
2 1 12 1106 1199 1 1106 1210 5 
2 1 4 1105 1211 6 1105 1214 8 
2 1 4 1106 1214 7 1109 1212 4 
2 1 240 1105 1215 8 1104 1454 143 
2 1 259 1103 1455 143 845 1590 8 
2 1 13 844 1591 7 832 1597 1 
2 1 262 1105 1455 144 1366 1591 7 
2 1 4 1367 1592 7 1370 1593 5 
2 1 8 1371 1594 5 1378 1597 1 
0
138
2 1 13 279 1 1 291 8 7 
2 1 417 292 8 8 708 226 226 
2 1 220 709 226 226 825 7 7 
2 1 6 825 6 6 827 1 1 
2 1 4 826 8 7 829 6 4 
5 4 573 709 227 227 817 370 219 885 513 245 1036 656 202 1078 799 249 
2 1 300 1079 799 248 1378 798 2 
5 3 575 1078 800 249 1048 896 220 900 1087 230 776 1278 223 707 1374 225 
2 1 400 706 1374 224 307 1583 16 
2 1 4 306 1582 14 303 1581 11 
2 1 12 306 1584 15 295 1589 9 
2 1 4 294 1588 8 294 1585 6 
2 1 12 291 1591 7 280 1597 1 
2 1 196 708 1375 224 812 1570 29 
2 1 27 812 1571 28 827 1597 2 
2 1 360 2557 1 1 2199 360 360 
2 1 357 2198 360 360 2011 4 4 
2 1 669 2198 361 360 1989 1029 569 
2 1 426 1988 1030 568 1563 1253 346 
2 1 411 1562 1252 345 1152 1253 8 
2 1 5 1150 1252 6 1146 1252 3 
2 1 343 1562 1254 344 1383 1596 3 
2 1 568 1990 1030 569 2557 1597 2 
0
143
2 1 13 279 1 1 291 8 7 
2 1 417 292 8 8 708 226 226 
2 1 221 709 226 226 826 6 6 
2 1 5 826 5 5 827 1 1 
2 1 574 709 227 227 1105 800 227 
2 1 275 1106 799 226 1380 799 1 
2 1 384 1105 801 226 1103 1184 8 
2 1 4 1104 1188 6 1105 1191 5 
2 1 7 1104 1192 4 1105 1198 1 
2 1 360 2557 1 1 2199 360 360 
2 1 356 2198 359 359 2011 4 4 
2 1 669 2198 361 360 1989 1029 569 
2 1 426 1988 1030 568 1563 1253 346 
2 1 411 1562 1252 344 1152 1253 8 
2 1 5 1150 1252 6 1146 1252 3 
2 1 343 1562 1254 344 1383 1596 3 
2 1 568 1990 1030 569 2557 1597 2 
0
180
2 1 13 832 1 1 844 8 8 
2 1 574 845 8 8 1418 309 309 
2 1 574 1419 308 308 1992 8 8 
2 1 6 1993 8 8 1998 6 5 
2 1 8 1999 5 5 2006 1 1 
2 1 4 1993 9 8 1996 11 4 
12 2 1108 1418 310 308 1418 365 277 1418 476 214 1418 587 151 1418 697 88 1419 808 24 1334 919 31 1260 1029 29 1184 1141 29 1103 1249 28 983 1319 176 931 1361 237 
2 1 456 930 1361 238 475 1124 475 
2 1 944 474 1123 474 180 180 180 
2 1 178 179 179 179 2 2 2 
2 1 176 181 179 179 274 4 4 
2 1 473 474 1125 474 2 1597 2 
2 1 433 932 1362 237 1364 1590 8 
2 1 4 1365 1589 7 1368 1587 4 
2 1 14 1365 1591 8 1378 1597 1 
0
205
2 1 13 556 1 1 568 8 7 
2 1 194 569 8 8 762 109 109 
2 1 108 763 108 108 826 2 2 
2 1 696 763 110 110 1243 805 109 
2 1 128 1244 804 109 1371 804 5 
2 1 6 1372 803 4 1377 803 1 
2 1 178 1243 806 109 1242 983 8 
2 1 4 1243 986 7 1244 989 5 
2 1 7 1243 990 4 1243 996 1 
2 1 357 2557 1 1 2202 357 357 
2 1 348 2201 356 356 2018 9 8 
2 1 673 2201 358 357 1991 1030 567 
2 1 429 1990 1031 567 1562 1256 343 
2 1 415 1561 1255 341 1147 1255 1 
2 1 341 1561 1257 341 1383 1597 2 
2 1 567 1991 1031 567 2557 1597 2 
0
210
2 1 353 2019 2 2 2205 354 354 
2 1 351 2206 353 353 2556 3 3 
2 1 678 2204 355 354 1993 1032 566 
2 1 433 1992 1033 565 1560 1260 339 
2 1 411 1559 1259 338 1149 1258 1 
2 1 336 1559 1261 337 1384 1596 3 
2 1 565 1993 1033 566 2557 1597 2 
0
215
2 1 25 2022 2 2 2036 26 25 
2 1 324 2036 27 26 2208 350 350 
2 1 348 2209 350 350 2556 3 3 
2 1 684 2208 351 350 1994 1034 564 
2 1 435 1993 1035 563 1559 1262 337 
2 1 403 1558 1261 336 1156 1261 5 
2 1 4 1154 1261 4 1151 1261 1 
2 1 334 1559 1263 336 1384 1596 3 
2 1 563 1995 1035 564 2557 1597 2 
2 1 9 1921 153 4 1928 161 14 
2 1 12 1926 162 13 1915 157 2 
2 1 20 1927 163 15 1946 178 38 
0
255
77
2 1 549 1930 1 1 1382 289 288 
2 1 549 1381 288 288 833 2 1 
2 1 502 1382 290 288 1381 791 3 
2 1 4 1381 792 3 1381 795 1 
0
134
2 1 587 832 1 1 1418 309 308 
2 1 588 1419 308 308 2006 1 1 
10 1 891 1418 310 308 1418 409 251 1418 508 195 1418 607 139 1419 706 82 1415 804 29 1346 903 29 1278 1002 29 1210 1101 29 1141 1200 29 
2 1 31 1140 1199 27 1110 1199 3 
2 1 49 1141 1201 28 1141 1249 1 
0
142
4 1 799 2 2 2 267 268 267 536 534 536 623 800 623 
2 1 755 624 799 622 1378 799 2 
3 2 234 622 801 622 582 918 582 564 1034 564 
2 1 563 564 1035 564 2 1597 2 
4 2 839 565 1035 564 744 1277 322 1173 1485 114 1379 1597 1 
0
147
2 1 605 2557 1 1 1954 605 604 
5 3 1122 1953 604 604 1766 486 486 1393 301 300 1019 97 97 832 2 1 
3 2 389 1954 606 604 1986 800 572 1954 994 604 
8 1 845 1953 995 603 1832 1073 525 1712 1136 462 1591 1199 399 1471 1199 300 1350 1199 201 1230 1199 101 1109 1199 3 
2 1 603 1955 995 604 2557 1597 2 
2 1 10 1 4 1 4 13 4 
2 1 6 4 14 4 6 19 5 
2 1 338 5 20 5 111 357 111 
2 1 96 112 357 110 207 299 1 
2 1 10 111 358 111 114 367 114 
2 1 99 115 366 113 213 304 1 
2 1 310 114 368 114 210 677 210 
2 1 175 211 677 209 385 557 1 
2 1 322 210 678 210 311 999 310 
2 1 381 312 999 310 690 993 1 
2 1 6 691 992 2 695 988 1 
8 1 598 310 1000 310 284 1085 284 257 1171 257 230 1256 230 205 1341 205 175 1426 175 87 1512 87 2 1597 2 
0
155
2 1 398 828 802 1 829 1199 225 
2 1 274 830 1199 225 1103 1199 1 
8 1 602 828 1200 227 768 1286 226 709 1372 226 622 1418 181 537 1462 136 451 1508 91 365 1553 46 279 1597 1 
0
255
79
2 1 396 828 804 1 829 1199 226 
2 1 271 830 1199 225 1100 1199 3 
8 1 603 828 1200 226 768 1286 226 709 1372 226 623 1417 181 537 1462 136 451 1507 91 365 1552 46 279 1597 1 
0
87
2 1 205 556 1 1 760 108 108 
2 1 107 761 108 108 824 3 3 
2 1 5 825 3 2 829 5 1 
2 1 699 761 109 109 1243 807 108 
2 1 134 1244 807 108 1377 802 1 
2 1 189 1243 808 108 1244 996 1 
2 1 399 827 801 1 829 1199 226 
2 1 272 830 1199 225 1101 1199 2 
8 1 603 828 1200 227 768 1286 227 709 1372 226 623 1417 181 537 1462 136 451 1507 91 365 1552 46 279 1597 1 
2 1 5 1109 1208 1 1107 1212 3 
2 1 152 1108 1213 3 1107 1364 88 
2 1 76 1106 1364 87 1031 1315 1 
2 1 92 1107 1365 89 1108 1456 142 
2 1 263 1107 1457 142 845 1593 4 
2 1 6 844 1594 4 839 1597 1 
2 1 270 1109 1457 142 1378 1597 1 
0
105
2 1 429 279 1 1 707 226 225 
5 3 574 709 226 226 777 321 224 899 513 232 1047 703 219 1078 799 248 
2 1 301 1079 799 247 1379 799 1 
5 3 507 1077 800 248 1059 884 225 909 1053 218 837 1222 243 833 1306 291 
2 1 554 832 1307 291 279 1597 1 
2 1 546 833 1307 292 1378 1597 1 
0
110
2 1 21 276 1 1 296 11 10 
3 1 61 297 11 11 331 26 30 313 47 4 
2 1 351 2557 1 1 2208 351 351 
2 1 13 2207 351 351 2199 339 338 
2 1 376 2207 352 351 2090 727 469 
3 2 310 2090 728 469 2011 882 494 1987 1037 561 
7 2 1154 1986 1038 560 1871 1098 500 1640 1217 381 1409 1342 256 1179 1450 148 948 1385 214 833 1307 292 
4 2 507 833 1306 291 838 1180 229 1023 926 221 1078 800 249 
3 2 182 1077 799 249 1049 709 220 978 618 226 
2 1 211 978 617 227 832 407 226 
2 1 40 832 406 226 805 367 226 
2 1 72 804 366 226 755 295 226 
5 3 359 755 294 227 722 221 241 592 174 160 478 103 108 417 74 74 
3 2 80 416 73 73 376 44 57 337 89 1 
2 1 61 416 75 72 356 114 1 
2 1 188 754 295 225 567 419 1 
2 1 181 804 367 226 624 502 1 
2 1 185 831 408 224 647 535 1 
2 1 182 977 619 225 796 752 1 
2 1 300 1079 800 248 1378 799 2 
2 1 554 832 1307 291 279 1597 1 
2 1 37 1988 1038 561 2024 1064 535 
2 1 533 2025 1065 534 2557 1597 2 
5 3 448 2091 728 468 2166 740 393 2314 775 245 2464 813 95 2537 869 22 
3 1 44 2536 870 21 2536 892 2 2537 913 22 
2 1 6 2538 912 20 2543 908 16 
3 1 28 2542 907 15 2544 894 1 2547 880 11 
2 1 10 2546 879 12 2539 871 19 
3 2 18 2549 880 10 2561 887 -3 2553 896 5 
2 1 13 2552 895 4 2548 883 8 
2 1 10 2552 897 6 2545 906 13 
5 3 510 2536 914 23 2451 974 108 2282 1015 277 2112 1051 447 2027 1064 532 
2 1 53 2091 133 132 2120 185 184 
2 1 68 2155 254 254 2190 321 320 
0
204
2 1 587 832 1 1 1418 309 308 
2 1 588 1419 308 308 2006 1 1 
10 1 891 1418 310 308 1418 409 251 1418 508 195 1418 607 139 1419 706 82 1415 804 29 1346 903 29 1278 1002 29 1210 1101 29 1141 1200 29 
2 1 32 1140 1199 27 1109 1200 2 
2 1 48 1141 1201 28 1142 1248 2 
0
255
